//12月一个月的训练数据
Train Date = (31)-> 2015/12/1 ~ 2015/12/31
1 1 1 (31) -> 3,6,2,2,0,3,4,7,26,3,4,0,0,4,1,5,3,20,3,0,6,2,4,7,7,2,1,12,2,3,1,
2 1 2 (31) -> 10,2,0,1,1,0,3,1,1,6,9,2,1,0,6,2,5,4,1,2,22,5,13,1,8,3,5,12,6,6,5,
3 1 4 (31) -> 0,0,0,0,0,0,0,0,0,1,0,0,0,0,0,1,0,1,0,0,0,0,0,1,0,0,0,0,0,0,0,
4 2 2 (31) -> 2,0,0,0,0,1,2,18,1,0,1,0,1,1,1,1,1,0,0,0,0,1,1,2,0,2,1,2,1,3,1,
5 2 4 (31) -> 0,2,3,2,0,8,4,2,1,2,1,0,3,4,4,5,2,3,2,0,5,4,4,4,0,2,4,6,2,21,3,
6 2 8 (31) -> 1,0,0,0,0,0,0,0,0,1,0,0,1,1,0,1,0,0,0,0,0,2,0,7,0,0,1,0,1,6,0,
7 4 4 (31) -> 0,0,1,0,0,2,6,2,2,1,1,0,3,1,0,0,0,0,0,0,3,4,0,0,0,11,0,0,1,0,0,
8 4 8 (31) -> 3,9,3,0,0,11,0,22,2,3,0,0,4,17,0,4,8,1,2,0,6,11,2,12,20,8,0,31,2,0,17,
9 4 16 (31) -> 2,1,1,0,0,1,0,1,1,3,0,0,1,0,10,1,2,0,0,0,0,4,21,0,8,2,0,5,6,1,0,
10 8 8 (31) -> 0,0,1,1,0,0,1,11,1,1,0,0,0,0,0,1,1,0,0,0,0,0,0,0,1,0,0,0,0,0,0,
11 8 16 (31) -> 0,11,0,1,0,0,1,2,1,1,6,0,0,0,0,5,3,0,0,1,2,7,1,1,0,0,0,1,4,0,0,
12 8 32 (31) -> 0,0,2,0,0,1,4,0,0,11,0,0,0,3,0,0,2,2,1,5,6,0,10,0,16,3,0,27,2,0,4,
13 16 16 (31) -> 0,1,5,0,0,0,0,0,0,0,0,0,0,0,0,1,0,0,0,0,0,0,0,0,1,0,0,0,0,0,0,
14 16 32 (31) -> 0,0,0,0,0,4,1,3,2,1,0,0,0,0,2,0,0,1,0,0,0,0,1,1,1,0,1,1,0,5,0,
15 16 64 (31) -> 0,0,0,0,0,0,0,0,0,3,4,0,0,15,0,5,0,0,0,0,5,0,0,0,0,0,0,6,0,0,0,
16 32 32 (31) -> 0,0,0,0,0,0,6,0,0,0,0,0,0,1,0,0,0,0,0,0,0,0,0,1,8,0,0,0,0,0,0,
17 32 64 (31) -> 0,0,0,0,0,0,0,0,0,0,2,0,1,0,1,0,0,0,0,0,0,0,0,2,4,0,0,0,0,0,0,
18 32 128 (31) -> 0,0,0,0,0,0,0,5,0,0,0,0,0,1,5,3,0,0,0,0,0,0,0,0,0,0,0,0,0,0,0,

spaceDays = (7)

//间隔七天之后的预测测试数据
Predict Date = (7)-> 2016/1/8 ~ 2016/1/14
1 1 1 (7) -> 1,0,2,1,4,3,10,
2 1 2 (7) -> 0,1,0,7,1,9,22,
3 1 4 (7) -> 0,0,0,0,0,0,1,
4 2 2 (7) -> 2,0,1,1,1,6,1,
5 2 4 (7) -> 1,2,9,5,0,5,7,
6 2 8 (7) -> 0,0,1,0,0,1,0,
7 4 4 (7) -> 0,0,0,0,0,1,0,
8 4 8 (7) -> 0,0,2,8,4,11,8,
9 4 16 (7) -> 5,0,0,0,1,1,1,
10 8 8 (7) -> 0,0,0,0,0,1,0,
11 8 16 (7) -> 0,0,2,0,5,3,0,
12 8 32 (7) -> 0,0,0,0,0,11,0,
13 16 16 (7) -> 0,0,0,0,0,0,0,
14 16 32 (7) -> 0,0,0,5,0,0,0,
15 16 64 (7) -> 0,0,0,0,0,0,0,
16 32 32 (7) -> 0,0,0,0,0,0,1,
17 32 64 (7) -> 0,0,0,2,0,0,2,
18 32 128 (7) -> 0,0,0,0,0,0,0,

（补充）
//紧跟着12月的整个一月的数据
1 1 1 (31) -> 0,2,1,1,0,6,2,1,0,2,1,4,3,10,2,3,1,3,3,2,5,10,1,2,8,1,2,4,2,3,3,
2 1 2 (31) -> 1,0,1,2,5,1,9,0,1,0,7,1,9,22,2,3,1,4,0,4,6,4,6,5,0,5,7,0,1,1,0,
3 1 4 (31) -> 0,0,0,1,2,0,0,0,0,0,0,0,0,1,0,0,0,1,0,0,1,0,8,0,0,2,1,0,0,0,0,
4 2 2 (31) -> 1,0,0,0,2,0,1,2,0,1,1,1,6,1,3,1,1,1,0,2,2,1,0,1,2,0,5,3,1,0,0,
5 2 4 (31) -> 4,1,3,3,4,8,0,1,2,9,5,0,5,7,2,0,2,1,16,2,9,1,0,1,10,1,6,5,3,0,4,
6 2 8 (31) -> 0,0,0,0,0,0,0,0,0,1,0,0,1,0,0,0,0,1,7,0,0,0,0,0,0,0,0,1,1,0,0,
7 4 4 (31) -> 1,0,0,0,1,1,0,0,0,0,0,0,1,0,0,1,0,2,0,0,0,0,0,0,1,0,1,3,1,0,0,
8 4 8 (31) -> 1,2,1,1,6,7,35,0,0,2,8,4,11,8,1,0,5,9,4,16,10,3,25,7,3,7,5,12,0,0,0,
9 4 16 (31) -> 1,0,0,5,2,2,1,5,0,0,0,1,1,1,4,0,2,3,1,3,1,3,0,1,1,5,1,1,1,0,2,
10 8 8 (31) -> 0,0,0,0,1,1,2,0,0,0,0,0,1,0,0,0,0,0,0,0,0,0,0,0,0,2,0,0,1,0,0,
11 8 16 (31) -> 0,0,0,2,10,9,9,0,0,2,0,5,3,0,1,1,3,0,0,3,0,8,0,2,1,3,4,6,1,0,0,
12 8 32 (31) -> 1,0,0,0,0,1,1,0,0,0,0,0,11,0,2,2,0,3,1,0,0,7,0,0,0,2,7,0,0,0,0,
13 16 16 (31) -> 0,0,0,0,0,1,0,0,0,0,0,0,0,0,1,0,0,0,10,0,0,0,0,0,1,0,1,0,0,0,0,
14 16 32 (31) -> 0,0,0,3,1,2,0,0,0,0,5,0,0,0,2,0,0,0,0,0,0,0,0,1,1,0,2,1,0,0,1,
15 16 64 (31) -> 0,0,0,0,0,0,1,0,0,0,0,0,0,0,0,1,0,0,1,0,0,0,0,0,0,3,0,0,0,0,0,
16 32 32 (31) -> 0,0,0,0,0,0,0,0,0,0,0,0,0,1,13,0,0,0,0,0,0,0,0,0,0,0,0,0,0,0,0,
17 32 64 (31) -> 0,0,0,1,5,0,0,0,0,0,2,0,0,2,3,0,0,0,0,0,0,0,0,0,0,0,0,0,0,0,0,
18 32 128 (31) -> 0,0,0,0,0,0,0,0,0,0,0,0,0,0,0,0,0,0,0,0,0,0,0,0,0,0,0,0,0,0,0,
